0,|[21, 28, 35]|,5,|['bo4.jpg', 'bo32.jpg', 'bo39.jpg']|,|['bo34.jpg', 'bo24.jpg', 'bo27.jpg']|,0,|[[664, -279], [-206, 159], [-550, 332]]|,|[[737, 308], [133, 298], [235, -298]]|
0,|[3, 7, 11]|,5,|['bo42.jpg', 'bo10.jpg', 'bo31.jpg']|,|['bo54.jpg', 'bo68.jpg', 'bo20.jpg']|,1,|[[-714, -93], [524, 114], [-518, -352]]|,|[[-54, -82], [-201, -338], [-416, -79]]|
0,|[9, 15, 22]|,0,|['bo48.jpg', 'bo60.jpg', 'bo18.jpg']|,|['bo46.jpg', 'bo23.jpg', 'bo67.jpg']|,2,|[[210, 181], [-251, -75], [717, 137]]|,|[[153, -341], [-623, -224], [-677, 176]]|
0,|[23, 29, 33]|,0,|['bo50.jpg', 'bo72.jpg', 'bo43.jpg']|,|['bo1.jpg', 'bo37.jpg', 'bo9.jpg']|,3,|[[444, 20], [748, -149], [-259, -379]]|,|[[-149, 289], [452, -387], [485, 386]]|
0,|[18, 24, 30]|,3,|['bo5.jpg', 'bo14.jpg', 'bo62.jpg']|,|['bo59.jpg', 'bo70.jpg', 'bo66.jpg']|,4,|[[-512, -309], [234, 36], [629, 283]]|,|[[-301, -54], [84, -238], [746, -241]]|
0,|[4, 10, 16]|,1,|['bo71.jpg', 'bo51.jpg', 'bo6.jpg']|,|['bo28.jpg', 'bo65.jpg', 'bo41.jpg']|,5,|[[716, 285], [-473, -180], [90, -75]]|,|[[-386, 280], [440, 362], [625, -172]]|
0,|[17, 25, 32]|,2,|['bo35.jpg', 'bo58.jpg', 'bo61.jpg']|,|['bo2.jpg', 'bo47.jpg', 'bo12.jpg']|,6,|[[-481, 38], [489, 311], [-767, -293]]|,|[[66, 388], [687, 93], [7, -159]]|
0,|[0, 5, 12]|,2,|['bo57.jpg', 'bo15.jpg', 'bo63.jpg']|,|['bo38.jpg', 'bo56.jpg', 'bo8.jpg']|,7,|[[810, 381], [-339, -216], [-675, 245]]|,|[[196, 85], [501, -384], [782, -194]]|
0,|[20, 26, 34]|,4,|['bo7.jpg', 'bo53.jpg', 'bo55.jpg']|,|['bo36.jpg', 'bo25.jpg', 'bo64.jpg']|,8,|[[585, 186], [1, 34], [-248, 215]]|,|[[768, -131], [-167, -366], [170, -362]]|
0,|[1, 6, 14]|,4,|['bo19.jpg', 'bo30.jpg', 'bo29.jpg']|,|['bo22.jpg', 'bo45.jpg', 'bo26.jpg']|,9,|[[-526, 319], [380, -116], [-709, -195]]|,|[[214, 251], [-476, 37], [-455, -386]]|
0,|[2, 8, 13]|,3,|['bo69.jpg', 'bo52.jpg', 'bo11.jpg']|,|['bo17.jpg', 'bo40.jpg', 'bo3.jpg']|,10,|[[-99, 364], [-523, 175], [362, -317]]|,|[[-754, -100], [-793, 342], [-184, -370]]|
0,|[19, 27, 31]|,1,|['bo49.jpg', 'bo44.jpg', 'bo21.jpg']|,|['bo33.jpg', 'bo13.jpg', 'bo16.jpg']|,11,|[[326, -320], [-630, 111], [56, 277]]|,|[[-743, -378], [-51, -381], [-175, 72]]|
