0,|[1, 5, 10]|,0,|['bo46.jpg', 'bo33.jpg', 'bo8.jpg']|,|['bo41.jpg', 'bo29.jpg', 'bo68.jpg']|,0,|[[323, 304], [257, -150], [-98, 93]]|,|[[-794, 8], [-441, -376], [-462, 88]]|
0,|[15, 21, 26]|,0,|['bo40.jpg', 'bo69.jpg', 'bo64.jpg']|,|['bo71.jpg', 'bo35.jpg', 'bo31.jpg']|,1,|[[727, -300], [746, 109], [-731, -369]]|,|[[-341, 388], [-69, -360], [-33, 376]]|
0,|[6, 13, 17]|,5,|['bo52.jpg', 'bo17.jpg', 'bo28.jpg']|,|['bo55.jpg', 'bo12.jpg', 'bo67.jpg']|,2,|[[-633, 344], [570, 383], [172, -279]]|,|[[-408, -226], [800, -95], [-134, 303]]|
0,|[0, 8, 16]|,5,|['bo36.jpg', 'bo4.jpg', 'bo66.jpg']|,|['bo54.jpg', 'bo57.jpg', 'bo62.jpg']|,3,|[[505, -270], [-120, 5], [-687, -149]]|,|[[-149, -349], [314, 170], [-406, 145]]|
0,|[22, 29, 34]|,3,|['bo9.jpg', 'bo19.jpg', 'bo38.jpg']|,|['bo34.jpg', 'bo27.jpg', 'bo10.jpg']|,4,|[[-435, 77], [782, -59], [184, 42]]|,|[[450, 298], [-615, -296], [-252, -323]]|
0,|[24, 28, 32]|,1,|['bo56.jpg', 'bo20.jpg', 'bo3.jpg']|,|['bo5.jpg', 'bo6.jpg', 'bo25.jpg']|,5,|[[187, -322], [630, 238], [711, -247]]|,|[[-134, -277], [-387, 292], [-50, 63]]|
0,|[3, 9, 14]|,4,|['bo1.jpg', 'bo65.jpg', 'bo42.jpg']|,|['bo58.jpg', 'bo72.jpg', 'bo18.jpg']|,6,|[[48, -165], [545, 165], [-631, 364]]|,|[[547, -163], [227, 342], [-195, 168]]|
0,|[2, 7, 11]|,4,|['bo47.jpg', 'bo43.jpg', 'bo32.jpg']|,|['bo45.jpg', 'bo39.jpg', 'bo60.jpg']|,7,|[[-225, -349], [-738, -266], [299, 3]]|,|[[-558, 63], [810, 30], [796, 380]]|
0,|[4, 12, 19]|,2,|['bo61.jpg', 'bo53.jpg', 'bo14.jpg']|,|['bo37.jpg', 'bo63.jpg', 'bo13.jpg']|,8,|[[322, -322], [-562, 151], [-266, 364]]|,|[[-621, -275], [-270, 5], [-17, 142]]|
0,|[23, 31, 35]|,2,|['bo51.jpg', 'bo22.jpg', 'bo23.jpg']|,|['bo49.jpg', 'bo70.jpg', 'bo16.jpg']|,9,|[[609, 349], [729, -42], [69, -172]]|,|[[-798, 335], [377, 168], [-296, -349]]|
0,|[18, 25, 30]|,3,|['bo11.jpg', 'bo30.jpg', 'bo50.jpg']|,|['bo26.jpg', 'bo15.jpg', 'bo59.jpg']|,10,|[[49, -333], [501, -240], [-74, 178]]|,|[[806, 264], [-445, 361], [-728, 62]]|
0,|[20, 27, 33]|,1,|['bo2.jpg', 'bo44.jpg', 'bo24.jpg']|,|['bo7.jpg', 'bo48.jpg', 'bo21.jpg']|,11,|[[-465, -65], [344, 274], [320, -69]]|,|[[-522, -346], [-742, 242], [-792, -153]]|
