0,|[6, 12, 17]|,5,|['bo61.jpg', 'bo70.jpg', 'bo6.jpg']|,|['bo46.jpg', 'bo69.jpg', 'bo13.jpg']|,0,|[[-11, -383], [439, 369], [157, 304]]|,|[[-308, -165], [331, -55], [-357, 309]]|
0,|[1, 8, 16]|,5,|['bo20.jpg', 'bo37.jpg', 'bo41.jpg']|,|['bo22.jpg', 'bo64.jpg', 'bo29.jpg']|,1,|[[778, 247], [-708, -206], [744, -326]]|,|[[-18, -21], [-733, 339], [305, -365]]|
0,|[7, 15, 22]|,2,|['bo59.jpg', 'bo48.jpg', 'bo9.jpg']|,|['bo26.jpg', 'bo51.jpg', 'bo52.jpg']|,2,|[[-658, -375], [244, -383], [176, 212]]|,|[[545, -174], [-238, 75], [-416, -180]]|
0,|[24, 29, 34]|,2,|['bo21.jpg', 'bo40.jpg', 'bo32.jpg']|,|['bo5.jpg', 'bo39.jpg', 'bo45.jpg']|,3,|[[-667, -17], [-118, -227], [-637, 322]]|,|[[521, 111], [729, 358], [158, -87]]|
0,|[20, 26, 31]|,1,|['bo4.jpg', 'bo38.jpg', 'bo34.jpg']|,|['bo67.jpg', 'bo10.jpg', 'bo3.jpg']|,4,|[[-676, 52], [484, -148], [111, -193]]|,|[[-422, 266], [535, 306], [-195, -9]]|
0,|[3, 11, 19]|,3,|['bo33.jpg', 'bo7.jpg', 'bo18.jpg']|,|['bo16.jpg', 'bo12.jpg', 'bo68.jpg']|,5,|[[106, 274], [357, -243], [-264, 95]]|,|[[-639, 127], [775, 274], [-734, -337]]|
0,|[21, 28, 32]|,0,|['bo8.jpg', 'bo17.jpg', 'bo60.jpg']|,|['bo2.jpg', 'bo11.jpg', 'bo71.jpg']|,6,|[[-202, -289], [786, 198], [563, 14]]|,|[[391, -371], [202, 41], [-681, 244]]|
0,|[23, 27, 33]|,0,|['bo23.jpg', 'bo28.jpg', 'bo24.jpg']|,|['bo1.jpg', 'bo65.jpg', 'bo43.jpg']|,7,|[[-87, 16], [-248, 298], [-526, 5]]|,|[[84, -322], [71, 389], [551, 375]]|
0,|[2, 9, 14]|,4,|['bo42.jpg', 'bo15.jpg', 'bo62.jpg']|,|['bo50.jpg', 'bo36.jpg', 'bo35.jpg']|,8,|[[806, -152], [-766, 10], [415, 156]]|,|[[-379, -15], [99, 5], [-196, -325]]|
0,|[25, 30, 35]|,4,|['bo14.jpg', 'bo57.jpg', 'bo66.jpg']|,|['bo19.jpg', 'bo55.jpg', 'bo58.jpg']|,9,|[[-156, 364], [312, -248], [-543, 387]]|,|[[-717, -366], [739, 177], [202, 380]]|
0,|[0, 4, 10]|,1,|['bo27.jpg', 'bo44.jpg', 'bo49.jpg']|,|['bo56.jpg', 'bo63.jpg', 'bo25.jpg']|,10,|[[-444, -165], [-153, 355], [136, 168]]|,|[[-202, -388], [-706, -325], [644, -382]]|
0,|[5, 13, 18]|,3,|['bo72.jpg', 'bo47.jpg', 'bo31.jpg']|,|['bo54.jpg', 'bo53.jpg', 'bo30.jpg']|,11,|[[-303, -376], [659, -317], [485, 147]]|,|[[-21, -188], [-453, -132], [-809, 370]]|
