0,|[25, 31, 38]|,8,|['bo41.jpg', 'bo225.jpg', 'bo149.jpg']|,|['bo160.jpg', 'bo157.jpg', 'bo103.jpg']|,0,|[[703, -185], [-390, 146], [116, -134]]|,|[[-607, 382], [544, 337], [-461, -291]]|
0,|[59, 64, 69]|,8,|['bo129.jpg', 'bo181.jpg', 'bo42.jpg']|,|['bo288.jpg', 'bo87.jpg', 'bo196.jpg']|,1,|[[-165, -68], [62, 239], [-680, 105]]|,|[[455, -34], [738, 107], [-746, -174]]|
0,|[37, 42, 48]|,5,|['bo174.jpg', 'bo156.jpg', 'bo102.jpg']|,|['bo53.jpg', 'bo198.jpg', 'bo37.jpg']|,2,|[[466, 348], [210, -344], [575, -194]]|,|[[-128, -170], [-410, -223], [321, 21]]|
0,|[21, 29, 36]|,5,|['bo84.jpg', 'bo49.jpg', 'bo167.jpg']|,|['bo92.jpg', 'bo178.jpg', 'bo44.jpg']|,3,|[[-649, -23], [-443, 252], [10, 298]]|,|[[716, 80], [-690, 445], [-736, -339]]|
0,|[5, 10, 14]|,7,|['bo255.jpg', 'bo28.jpg', 'bo97.jpg']|,|['bo148.jpg', 'bo9.jpg', 'bo80.jpg']|,4,|[[-239, 202], [208, -262], [618, -63]]|,|[[-699, 377], [206, 64], [-712, -205]]|
0,|[60, 66, 71]|,4,|['bo238.jpg', 'bo247.jpg', 'bo233.jpg']|,|['bo141.jpg', 'bo18.jpg', 'bo106.jpg']|,5,|[[-322, -202], [344, 151], [-587, 180]]|,|[[274, -337], [-609, -257], [-274, 378]]|
0,|[57, 65, 70]|,6,|['bo224.jpg', 'bo275.jpg', 'bo268.jpg']|,|['bo202.jpg', 'bo71.jpg', 'bo265.jpg']|,6,|[[-177, 83], [194, 358], [222, -188]]|,|[[-251, -333], [-566, 330], [670, 98]]|
0,|[23, 28, 32]|,6,|['bo51.jpg', 'bo164.jpg', 'bo208.jpg']|,|['bo52.jpg', 'bo261.jpg', 'bo276.jpg']|,7,|[[-553, -233], [745, 372], [-668, 44]]|,|[[558, -293], [-269, 417], [369, 135]]|
0,|[8, 16, 24]|,11,|['bo212.jpg', 'bo166.jpg', 'bo121.jpg']|,|['bo223.jpg', 'bo246.jpg', 'bo192.jpg']|,8,|[[-590, -341], [417, -149], [148, 106]]|,|[[-96, 275], [-733, 429], [144, -271]]|
0,|[20, 26, 33]|,11,|['bo138.jpg', 'bo75.jpg', 'bo60.jpg']|,|['bo55.jpg', 'bo252.jpg', 'bo282.jpg']|,9,|[[711, -109], [-400, 268], [570, 140]]|,|[[-304, -336], [-571, -25], [-127, -29]]|
0,|[39, 45, 51]|,7,|['bo251.jpg', 'bo67.jpg', 'bo61.jpg']|,|['bo81.jpg', 'bo116.jpg', 'bo13.jpg']|,10,|[[-97, -131], [-422, -156], [343, 342]]|,|[[-6, 399], [616, -349], [647, 443]]|
0,|[1, 6, 13]|,4,|['bo74.jpg', 'bo3.jpg', 'bo126.jpg']|,|['bo269.jpg', 'bo145.jpg', 'bo131.jpg']|,11,|[[673, 332], [-18, 118], [639, -9]]|,|[[191, 429], [-28, -236], [581, -330]]|
0,|[22, 30, 35]|,10,|['bo85.jpg', 'bo95.jpg', 'bo213.jpg']|,|['bo36.jpg', 'bo66.jpg', 'bo267.jpg']|,0,|[[339, 223], [-63, 279], [-454, 11]]|,|[[672, 47], [-560, -340], [273, -299]]|
0,|[49, 56, 61]|,10,|['bo29.jpg', 'bo240.jpg', 'bo32.jpg']|,|['bo23.jpg', 'bo69.jpg', 'bo31.jpg']|,1,|[[-511, 343], [114, 39], [-134, -302]]|,|[[654, 331], [672, -304], [-738, 79]]|
0,|[27, 34, 41]|,1,|['bo153.jpg', 'bo159.jpg', 'bo155.jpg']|,|['bo111.jpg', 'bo284.jpg', 'bo211.jpg']|,2,|[[-575, 204], [385, 220], [-91, 35]]|,|[[281, -140], [-451, -247], [-71, -323]]|
0,|[3, 11, 18]|,1,|['bo59.jpg', 'bo285.jpg', 'bo266.jpg']|,|['bo279.jpg', 'bo220.jpg', 'bo283.jpg']|,3,|[[-175, 405], [481, -341], [701, 142]]|,|[[697, -153], [127, 427], [-747, -232]]|
0,|[40, 46, 50]|,3,|['bo100.jpg', 'bo175.jpg', 'bo24.jpg']|,|['bo134.jpg', 'bo93.jpg', 'bo163.jpg']|,4,|[[-178, 438], [50, 214], [-537, 280]]|,|[[-316, -54], [393, -146], [613, 425]]|
0,|[55, 63, 68]|,2,|['bo228.jpg', 'bo216.jpg', 'bo107.jpg']|,|['bo203.jpg', 'bo108.jpg', 'bo270.jpg']|,5,|[[358, -35], [646, 421], [-382, -134]]|,|[[227, 310], [-261, 367], [-676, -73]]|
0,|[44, 52, 58]|,9,|['bo90.jpg', 'bo227.jpg', 'bo122.jpg']|,|['bo2.jpg', 'bo133.jpg', 'bo239.jpg']|,6,|[[-481, -224], [540, 79], [-677, 118]]|,|[[-135, -343], [-94, 267], [358, 444]]|
0,|[0, 7, 15]|,9,|['bo144.jpg', 'bo33.jpg', 'bo114.jpg']|,|['bo226.jpg', 'bo63.jpg', 'bo1.jpg']|,7,|[[491, -270], [-261, -1], [-553, 385]]|,|[[184, 63], [667, 423], [192, -337]]|
0,|[4, 12, 19]|,0,|['bo130.jpg', 'bo22.jpg', 'bo58.jpg']|,|['bo136.jpg', 'bo207.jpg', 'bo173.jpg']|,8,|[[-445, 125], [462, -322], [-526, -229]]|,|[[139, 32], [-42, 347], [-557, 386]]|
0,|[43, 47, 53]|,0,|['bo38.jpg', 'bo17.jpg', 'bo19.jpg']|,|['bo151.jpg', 'bo274.jpg', 'bo237.jpg']|,9,|[[346, 242], [608, -15], [-133, -292]]|,|[[-709, -10], [729, 260], [172, -273]]|
0,|[54, 62, 67]|,3,|['bo177.jpg', 'bo206.jpg', 'bo179.jpg']|,|['bo273.jpg', 'bo76.jpg', 'bo281.jpg']|,10,|[[746, -57], [55, -200], [-616, -178]]|,|[[727, -342], [401, 184], [-233, -329]]|
0,|[2, 9, 17]|,2,|['bo50.jpg', 'bo250.jpg', 'bo137.jpg']|,|['bo135.jpg', 'bo20.jpg', 'bo158.jpg']|,11,|[[-685, 231], [-119, -298], [708, 94]]|,|[[659, -215], [8, 20], [206, -293]]|
1,|[38, 42, 48]|,1,|['bo241.jpg', 'bo21.jpg', 'bo205.jpg']|,|['bo172.jpg', 'bo65.jpg', 'bo150.jpg']|,0,|[[-197, 253], [296, -11], [-393, 2]]|,|[[499, 298], [254, -326], [-95, -169]]|
1,|[19, 26, 33]|,1,|['bo4.jpg', 'bo94.jpg', 'bo190.jpg']|,|['bo10.jpg', 'bo14.jpg', 'bo234.jpg']|,1,|[[-613, -226], [-726, 83], [593, -108]]|,|[[-683, 447], [102, 317], [748, 135]]|
1,|[52, 57, 63]|,7,|['bo248.jpg', 'bo146.jpg', 'bo244.jpg']|,|['bo139.jpg', 'bo30.jpg', 'bo6.jpg']|,2,|[[669, 407], [-57, 148], [478, 12]]|,|[[-367, 440], [75, -317], [625, -238]]|
1,|[0, 4, 9]|,7,|['bo120.jpg', 'bo278.jpg', 'bo253.jpg']|,|['bo219.jpg', 'bo142.jpg', 'bo124.jpg']|,3,|[[-350, 141], [-667, -198], [-707, 274]]|,|[[183, 329], [-269, -345], [194, -42]]|
1,|[6, 12, 17]|,6,|['bo231.jpg', 'bo132.jpg', 'bo195.jpg']|,|['bo73.jpg', 'bo143.jpg', 'bo162.jpg']|,4,|[[-329, 18], [665, 163], [214, 442]]|,|[[567, -105], [-582, 268], [-157, 245]]|
1,|[5, 11, 15]|,8,|['bo154.jpg', 'bo39.jpg', 'bo182.jpg']|,|['bo104.jpg', 'bo40.jpg', 'bo218.jpg']|,5,|[[17, 56], [509, 39], [260, -132]]|,|[[-654, 70], [527, -246], [207, 373]]|
1,|[3, 10, 18]|,10,|['bo43.jpg', 'bo185.jpg', 'bo168.jpg']|,|['bo140.jpg', 'bo260.jpg', 'bo98.jpg']|,6,|[[36, -79], [387, -38], [-95, 327]]|,|[[-446, 218], [662, 138], [-617, -212]]|
1,|[61, 65, 69]|,10,|['bo127.jpg', 'bo187.jpg', 'bo77.jpg']|,|['bo83.jpg', 'bo128.jpg', 'bo25.jpg']|,7,|[[-222, -272], [-725, 311], [372, 441]]|,|[[212, 193], [535, -294], [241, -309]]|
1,|[56, 64, 70]|,4,|['bo82.jpg', 'bo236.jpg', 'bo209.jpg']|,|['bo48.jpg', 'bo117.jpg', 'bo271.jpg']|,8,|[[-77, 195], [258, -218], [-74, -343]]|,|[[-509, -57], [475, 393], [-750, 264]]|
1,|[29, 35, 41]|,4,|['bo35.jpg', 'bo79.jpg', 'bo230.jpg']|,|['bo286.jpg', 'bo197.jpg', 'bo193.jpg']|,9,|[[602, 88], [-224, -86], [234, 83]]|,|[[-427, -340], [-374, 271], [-734, -271]]|
1,|[23, 28, 34]|,6,|['bo215.jpg', 'bo96.jpg', 'bo27.jpg']|,|['bo152.jpg', 'bo243.jpg', 'bo8.jpg']|,10,|[[16, -40], [-413, -256], [269, -239]]|,|[[-648, -31], [329, 68], [534, 440]]|
1,|[21, 25, 30]|,8,|['bo101.jpg', 'bo242.jpg', 'bo188.jpg']|,|['bo118.jpg', 'bo70.jpg', 'bo88.jpg']|,11,|[[-225, -151], [-408, 214], [737, 234]]|,|[[-565, -225], [-651, 428], [524, 426]]|
1,|[14, 22, 27]|,5,|['bo110.jpg', 'bo91.jpg', 'bo78.jpg']|,|['bo186.jpg', 'bo46.jpg', 'bo86.jpg']|,0,|[[582, 167], [46, 46], [-269, 48]]|,|[[-583, 338], [-162, 376], [-559, -43]]|
1,|[32, 39, 45]|,5,|['bo254.jpg', 'bo232.jpg', 'bo109.jpg']|,|['bo264.jpg', 'bo99.jpg', 'bo199.jpg']|,1,|[[196, 376], [-40, -295], [300, -262]]|,|[[739, -231], [-353, -274], [-717, -341]]|
1,|[2, 8, 16]|,3,|['bo115.jpg', 'bo263.jpg', 'bo183.jpg']|,|['bo170.jpg', 'bo147.jpg', 'bo165.jpg']|,2,|[[-694, -339], [-117, 448], [30, 111]]|,|[[-536, 195], [143, -307], [573, 131]]|
1,|[36, 43, 50]|,3,|['bo64.jpg', 'bo180.jpg', 'bo123.jpg']|,|['bo176.jpg', 'bo191.jpg', 'bo214.jpg']|,3,|[[-328, -17], [302, 233], [676, -163]]|,|[[-733, -21], [546, 432], [-403, -301]]|
1,|[55, 62, 68]|,11,|['bo171.jpg', 'bo221.jpg', 'bo72.jpg']|,|['bo277.jpg', 'bo54.jpg', 'bo258.jpg']|,4,|[[-171, 101], [-24, -242], [746, 385]]|,|[[359, -263], [-687, 370], [-6, 412]]|
1,|[40, 46, 54]|,0,|['bo222.jpg', 'bo249.jpg', 'bo68.jpg']|,|['bo62.jpg', 'bo272.jpg', 'bo12.jpg']|,5,|[[716, 367], [-331, 402], [-290, -326]]|,|[[326, -153], [214, 290], [-222, 127]]|
1,|[1, 7, 13]|,9,|['bo200.jpg', 'bo125.jpg', 'bo262.jpg']|,|['bo204.jpg', 'bo184.jpg', 'bo26.jpg']|,6,|[[-372, 134], [469, -26], [85, 231]]|,|[[-100, -301], [-704, 225], [554, 364]]|
1,|[58, 66, 71]|,9,|['bo245.jpg', 'bo256.jpg', 'bo45.jpg']|,|['bo257.jpg', 'bo7.jpg', 'bo259.jpg']|,7,|[[-149, 408], [-644, -300], [517, -324]]|,|[[140, -53], [-374, -161], [722, 134]]|
1,|[51, 59, 67]|,2,|['bo194.jpg', 'bo47.jpg', 'bo112.jpg']|,|['bo113.jpg', 'bo229.jpg', 'bo5.jpg']|,8,|[[281, 291], [-76, -185], [-644, -125]]|,|[[618, 170], [530, -280], [248, -60]]|
1,|[20, 24, 31]|,2,|['bo235.jpg', 'bo280.jpg', 'bo217.jpg']|,|['bo189.jpg', 'bo16.jpg', 'bo201.jpg']|,9,|[[-512, 265], [-132, 372], [-742, 430]]|,|[[-296, -3], [-428, -318], [179, -344]]|
1,|[37, 44, 49]|,11,|['bo169.jpg', 'bo161.jpg', 'bo11.jpg']|,|['bo287.jpg', 'bo105.jpg', 'bo57.jpg']|,10,|[[421, 433], [529, 95], [-447, -35]]|,|[[-342, -315], [235, 89], [696, -247]]|
1,|[47, 53, 60]|,0,|['bo15.jpg', 'bo56.jpg', 'bo210.jpg']|,|['bo89.jpg', 'bo119.jpg', 'bo34.jpg']|,11,|[[-588, 105], [95, -332], [-739, 404]]|,|[[630, -16], [-673, -237], [84, 9]]|
