0,|[26, 31, 37]|,8,|['bo180.jpg', 'bo250.jpg', 'bo151.jpg']|,|['bo111.jpg', 'bo202.jpg', 'bo26.jpg']|,0,|[[21, 424], [624, -126], [-220, 114]]|,|[[376, 395], [672, 427], [135, -272]]|
0,|[40, 46, 53]|,8,|['bo143.jpg', 'bo89.jpg', 'bo32.jpg']|,|['bo138.jpg', 'bo228.jpg', 'bo274.jpg']|,1,|[[-439, -280], [-169, -182], [-686, 350]]|,|[[214, 5], [-668, -106], [415, -342]]|
0,|[51, 55, 62]|,10,|['bo87.jpg', 'bo96.jpg', 'bo81.jpg']|,|['bo71.jpg', 'bo216.jpg', 'bo172.jpg']|,2,|[[-195, 72], [544, -293], [-680, -41]]|,|[[287, -99], [-688, 284], [-59, 350]]|
0,|[35, 41, 47]|,10,|['bo212.jpg', 'bo158.jpg', 'bo251.jpg']|,|['bo283.jpg', 'bo145.jpg', 'bo55.jpg']|,3,|[[722, -4], [541, 334], [-56, -251]]|,|[[-437, -298], [227, 209], [-406, 347]]|
0,|[8, 16, 23]|,11,|['bo240.jpg', 'bo242.jpg', 'bo155.jpg']|,|['bo278.jpg', 'bo281.jpg', 'bo184.jpg']|,4,|[[161, -170], [-747, -220], [-715, 376]]|,|[[697, 316], [426, -283], [49, 424]]|
0,|[59, 65, 69]|,3,|['bo108.jpg', 'bo51.jpg', 'bo121.jpg']|,|['bo98.jpg', 'bo45.jpg', 'bo246.jpg']|,5,|[[-495, 143], [-203, -320], [453, -51]]|,|[[154, 257], [-530, 444], [731, 218]]|
0,|[56, 64, 70]|,6,|['bo82.jpg', 'bo59.jpg', 'bo186.jpg']|,|['bo49.jpg', 'bo44.jpg', 'bo76.jpg']|,6,|[[360, -227], [13, -317], [614, 68]]|,|[[-334, 113], [-573, -54], [169, 57]]|
0,|[27, 34, 42]|,6,|['bo270.jpg', 'bo195.jpg', 'bo217.jpg']|,|['bo210.jpg', 'bo190.jpg', 'bo207.jpg']|,7,|[[-293, -335], [736, 383], [-699, 400]]|,|[[233, 442], [-584, -337], [-313, 414]]|
0,|[9, 17, 21]|,2,|['bo40.jpg', 'bo235.jpg', 'bo220.jpg']|,|['bo133.jpg', 'bo37.jpg', 'bo236.jpg']|,8,|[[-658, 322], [500, -300], [597, 423]]|,|[[362, 109], [170, -180], [-439, -298]]|
0,|[54, 61, 68]|,2,|['bo277.jpg', 'bo56.jpg', 'bo74.jpg']|,|['bo15.jpg', 'bo275.jpg', 'bo125.jpg']|,9,|[[48, 274], [-671, -3], [677, 46]]|,|[[-233, 407], [-289, 48], [-128, -247]]|
0,|[2, 7, 13]|,11,|['bo103.jpg', 'bo10.jpg', 'bo164.jpg']|,|['bo129.jpg', 'bo107.jpg', 'bo285.jpg']|,10,|[[-439, -90], [521, -3], [-371, 449]]|,|[[736, -260], [-112, 64], [380, 375]]|
0,|[0, 4, 12]|,3,|['bo94.jpg', 'bo35.jpg', 'bo144.jpg']|,|['bo139.jpg', 'bo127.jpg', 'bo66.jpg']|,11,|[[-185, 420], [640, -346], [157, -208]]|,|[[-612, -184], [-88, -32], [454, 429]]|
0,|[19, 24, 32]|,5,|['bo288.jpg', 'bo262.jpg', 'bo86.jpg']|,|['bo70.jpg', 'bo191.jpg', 'bo222.jpg']|,0,|[[-609, 365], [597, 4], [-329, 261]]|,|[[-155, -26], [-425, -333], [517, 328]]|
0,|[49, 57, 63]|,5,|['bo169.jpg', 'bo256.jpg', 'bo279.jpg']|,|['bo280.jpg', 'bo163.jpg', 'bo22.jpg']|,1,|[[-668, -17], [117, -104], [570, -342]]|,|[[-21, 267], [293, 155], [-105, -341]]|
0,|[58, 66, 71]|,4,|['bo124.jpg', 'bo269.jpg', 'bo225.jpg']|,|['bo154.jpg', 'bo137.jpg', 'bo282.jpg']|,2,|[[-295, -102], [522, 373], [-574, -215]]|,|[[140, 349], [-696, 66], [-717, 417]]|
0,|[22, 29, 33]|,4,|['bo48.jpg', 'bo52.jpg', 'bo54.jpg']|,|['bo201.jpg', 'bo226.jpg', 'bo8.jpg']|,3,|[[193, 57], [594, -160], [376, -346]]|,|[[-391, 172], [730, 110], [67, -228]]|
0,|[3, 11, 15]|,7,|['bo211.jpg', 'bo88.jpg', 'bo162.jpg']|,|['bo156.jpg', 'bo95.jpg', 'bo230.jpg']|,4,|[[221, -247], [714, 265], [-203, 84]]|,|[[-15, 337], [-441, 336], [-541, -75]]|
0,|[1, 6, 14]|,1,|['bo243.jpg', 'bo238.jpg', 'bo126.jpg']|,|['bo13.jpg', 'bo268.jpg', 'bo173.jpg']|,5,|[[-749, -245], [596, -276], [718, -20]]|,|[[13, -246], [-264, -329], [-78, 274]]|
0,|[38, 45, 50]|,9,|['bo203.jpg', 'bo38.jpg', 'bo27.jpg']|,|['bo150.jpg', 'bo192.jpg', 'bo258.jpg']|,6,|[[700, -290], [-428, -159], [85, -112]]|,|[[-208, 52], [595, -23], [-352, 342]]|
0,|[39, 43, 48]|,9,|['bo142.jpg', 'bo177.jpg', 'bo234.jpg']|,|['bo160.jpg', 'bo185.jpg', 'bo170.jpg']|,7,|[[116, 249], [484, 410], [-635, 263]]|,|[[-98, -329], [386, -291], [-696, -46]]|
0,|[52, 60, 67]|,0,|['bo119.jpg', 'bo23.jpg', 'bo198.jpg']|,|['bo286.jpg', 'bo104.jpg', 'bo159.jpg']|,8,|[[438, -65], [7, 388], [355, 269]]|,|[[-670, 375], [-32, -66], [-271, -258]]|
0,|[5, 10, 18]|,0,|['bo19.jpg', 'bo168.jpg', 'bo30.jpg']|,|['bo20.jpg', 'bo73.jpg', 'bo287.jpg']|,9,|[[-388, 310], [-530, -45], [647, -281]]|,|[[692, 369], [-746, -341], [283, -345]]|
0,|[28, 36, 44]|,7,|['bo78.jpg', 'bo1.jpg', 'bo128.jpg']|,|['bo231.jpg', 'bo266.jpg', 'bo178.jpg']|,10,|[[684, -18], [-736, 153], [-109, -228]]|,|[[335, 406], [-706, 444], [392, 23]]|
0,|[20, 25, 30]|,1,|['bo157.jpg', 'bo118.jpg', 'bo21.jpg']|,|['bo28.jpg', 'bo112.jpg', 'bo12.jpg']|,11,|[[286, -87], [683, 281], [-432, 433]]|,|[[157, 441], [-452, 74], [367, 219]]|
1,|[55, 61, 69]|,10,|['bo42.jpg', 'bo110.jpg', 'bo134.jpg']|,|['bo259.jpg', 'bo213.jpg', 'bo92.jpg']|,0,|[[742, -5], [-598, 51], [-274, -251]]|,|[[52, -254], [401, -285], [-147, 50]]|
1,|[21, 25, 32]|,10,|['bo132.jpg', 'bo102.jpg', 'bo276.jpg']|,|['bo16.jpg', 'bo167.jpg', 'bo53.jpg']|,1,|[[441, 307], [-715, -350], [-727, 378]]|,|[[284, 56], [118, 370], [-362, 287]]|
1,|[6, 14, 22]|,5,|['bo196.jpg', 'bo254.jpg', 'bo260.jpg']|,|['bo97.jpg', 'bo18.jpg', 'bo206.jpg']|,2,|[[-235, 420], [-367, -119], [311, 436]]|,|[[627, 431], [386, -153], [65, 151]]|
1,|[56, 63, 67]|,5,|['bo205.jpg', 'bo4.jpg', 'bo58.jpg']|,|['bo25.jpg', 'bo130.jpg', 'bo65.jpg']|,3,|[[-566, 353], [-61, -267], [750, 169]]|,|[[675, -216], [-670, -325], [-622, 21]]|
1,|[42, 49, 53]|,3,|['bo149.jpg', 'bo3.jpg', 'bo152.jpg']|,|['bo182.jpg', 'bo57.jpg', 'bo257.jpg']|,4,|[[118, -25], [-369, -274], [13, 247]]|,|[[499, 165], [-393, 306], [445, -348]]|
1,|[48, 54, 62]|,6,|['bo109.jpg', 'bo194.jpg', 'bo255.jpg']|,|['bo100.jpg', 'bo11.jpg', 'bo90.jpg']|,5,|[[-114, -266], [-331, 378], [89, 151]]|,|[[-622, 390], [-447, -310], [588, 441]]|
1,|[1, 9, 17]|,1,|['bo29.jpg', 'bo253.jpg', 'bo136.jpg']|,|['bo47.jpg', 'bo123.jpg', 'bo75.jpg']|,6,|[[157, 77], [-292, -50], [433, 273]]|,|[[-645, -313], [466, -325], [-497, 364]]|
1,|[59, 64, 68]|,1,|['bo214.jpg', 'bo9.jpg', 'bo248.jpg']|,|['bo148.jpg', 'bo232.jpg', 'bo208.jpg']|,7,|[[-127, 208], [720, 237], [-20, -217]]|,|[[-687, 152], [660, -41], [144, 406]]|
1,|[60, 66, 70]|,0,|['bo61.jpg', 'bo219.jpg', 'bo2.jpg']|,|['bo197.jpg', 'bo153.jpg', 'bo273.jpg']|,8,|[[390, 123], [732, -45], [-269, 317]]|,|[[-600, -287], [76, -80], [684, 252]]|
1,|[16, 23, 27]|,0,|['bo77.jpg', 'bo272.jpg', 'bo83.jpg']|,|['bo17.jpg', 'bo215.jpg', 'bo181.jpg']|,9,|[[-696, 299], [33, 390], [-477, -23]]|,|[[-200, -325], [504, -258], [383, 449]]|
1,|[45, 50, 57]|,3,|['bo120.jpg', 'bo171.jpg', 'bo161.jpg']|,|['bo223.jpg', 'bo175.jpg', 'bo179.jpg']|,10,|[[-248, -7], [-681, 229], [-621, -68]]|,|[[676, -69], [278, 374], [726, 366]]|
1,|[2, 10, 18]|,6,|['bo166.jpg', 'bo69.jpg', 'bo265.jpg']|,|['bo200.jpg', 'bo221.jpg', 'bo91.jpg']|,11,|[[430, -193], [719, 27], [-174, 19]]|,|[[401, 224], [24, 445], [-698, 117]]|
1,|[26, 31, 37]|,2,|['bo6.jpg', 'bo267.jpg', 'bo233.jpg']|,|['bo113.jpg', 'bo188.jpg', 'bo80.jpg']|,0,|[[-91, -342], [436, 422], [373, 103]]|,|[[-225, 360], [-572, -276], [740, -82]]|
1,|[36, 40, 47]|,2,|['bo189.jpg', 'bo193.jpg', 'bo237.jpg']|,|['bo165.jpg', 'bo264.jpg', 'bo147.jpg']|,1,|[[-20, 110], [-372, -3], [712, 325]]|,|[[179, -188], [-652, 411], [-709, 7]]|
1,|[24, 28, 33]|,7,|['bo67.jpg', 'bo31.jpg', 'bo140.jpg']|,|['bo33.jpg', 'bo199.jpg', 'bo252.jpg']|,2,|[[-556, 365], [554, 449], [-143, 253]]|,|[[150, -243], [-694, -14], [735, 128]]|
1,|[39, 46, 51]|,7,|['bo117.jpg', 'bo39.jpg', 'bo14.jpg']|,|['bo249.jpg', 'bo79.jpg', 'bo115.jpg']|,3,|[[438, -286], [296, 247], [-555, -348]]|,|[[451, 8], [-269, -128], [746, -187]]|
1,|[0, 7, 12]|,4,|['bo64.jpg', 'bo141.jpg', 'bo247.jpg']|,|['bo60.jpg', 'bo146.jpg', 'bo72.jpg']|,4,|[[486, -304], [-581, -46], [679, 348]]|,|[[-94, 134], [250, 144], [512, -7]]|
1,|[38, 44, 52]|,9,|['bo241.jpg', 'bo106.jpg', 'bo62.jpg']|,|['bo261.jpg', 'bo105.jpg', 'bo84.jpg']|,5,|[[-453, -84], [-162, -85], [441, 199]]|,|[[-628, 432], [-75, 339], [288, -312]]|
1,|[29, 35, 43]|,11,|['bo271.jpg', 'bo224.jpg', 'bo7.jpg']|,|['bo46.jpg', 'bo24.jpg', 'bo218.jpg']|,6,|[[67, -65], [-668, 360], [78, 222]]|,|[[-488, -25], [-182, -262], [645, -140]]|
1,|[4, 8, 15]|,11,|['bo131.jpg', 'bo174.jpg', 'bo41.jpg']|,|['bo187.jpg', 'bo85.jpg', 'bo34.jpg']|,7,|[[394, 1], [-252, 166], [658, 184]]|,|[[-727, -335], [364, -289], [375, 348]]|
1,|[5, 13, 20]|,8,|['bo50.jpg', 'bo176.jpg', 'bo227.jpg']|,|['bo5.jpg', 'bo63.jpg', 'bo99.jpg']|,8,|[[-286, 396], [-283, -21], [391, 201]]|,|[[724, 117], [8, 215], [307, -158]]|
1,|[30, 34, 41]|,8,|['bo204.jpg', 'bo244.jpg', 'bo68.jpg']|,|['bo93.jpg', 'bo116.jpg', 'bo101.jpg']|,9,|[[-750, 439], [-424, -286], [725, -332]]|,|[[714, 442], [-732, -250], [-693, 145]]|
1,|[3, 11, 19]|,4,|['bo209.jpg', 'bo183.jpg', 'bo229.jpg']|,|['bo263.jpg', 'bo122.jpg', 'bo135.jpg']|,10,|[[-626, 317], [24, -300], [-355, -336]]|,|[[-378, 165], [-725, -311], [217, 442]]|
1,|[58, 65, 71]|,9,|['bo114.jpg', 'bo284.jpg', 'bo245.jpg']|,|['bo239.jpg', 'bo43.jpg', 'bo36.jpg']|,11,|[[681, -208], [733, 204], [-737, 138]]|,|[[147, 79], [-336, 196], [-724, -243]]|
