0,7,4,5,2,bo32.jpg,bo3.jpg,0,|[[-227, -302], [-682, 338], [-422, 215]]|,|[[696, 259], [387, 141], [70, 382]]|,|[[-227, -302], [-682, 338], [-422, 215]]|,|[[696, 259], [387, 141], [70, 382]]|,|[[-227, -302], [-682, 338], [-422, 215]]|,|[[696, 259], [387, 141], [70, 382]]|
0,8,11,9,5,bo8.jpg,bo37.jpg,1,|[[693, 27], [-334, 146], [604, -286]]|,|[[-223, 438], [247, -219], [-220, -196]]|,|[[693, 27], [-334, 146], [604, -286]]|,|[[259, 15], [-603, -72], [105, -270]]|,|[[693, 27], [-334, 146], [604, -286]]|,|[[259, 15], [-603, -72], [105, -270]]|
0,9,-1,7,4,bo16.jpg,bo27.jpg,2,|[[269, -263], [-738, 95], [647, -90]]|,|[[-249, 130], [42, 250], [252, 59]]|,|[[269, -263], [-738, 95], [647, -90]]|,|[[-249, 130], [42, 250], [252, 59]]|,|[[269, -263], [-738, 95], [647, -90]]|,|[[-249, 130], [42, 250], [252, 59]]|
0,5,-1,2,8,bo34.jpg,bo19.jpg,3,|[[-34, 377], [-312, 200], [513, 43]]|,|[[-353, -113], [60, -160], [-605, 427]]|,|[[-39, 156], [-335, 175], [614, -22]]|,|[[-353, -113], [60, -160], [-605, 427]]|,|[[-39, 156], [-335, 175], [614, -22]]|,|[[-353, -113], [60, -160], [-605, 427]]|
0,-1,-1,3,7,bo21.jpg,bo6.jpg,4,|[[-36, 285], [-623, 332], [-173, -252]]|,|[[448, 360], [-545, 43], [566, 92]]|,|[[-36, 285], [-623, 332], [-173, -252]]|,|[[448, 360], [-545, 43], [566, 92]]|,|[[-36, 285], [-623, 332], [-173, -252]]|,|[[448, 360], [-545, 43], [566, 92]]|
0,0,10,0,6,bo35.jpg,bo11.jpg,5,|[[151, 415], [-332, 162], [-175, -317]]|,|[[-745, -36], [643, 99], [484, -192]]|,|[[151, 415], [-332, 162], [-175, -317]]|,|[[-745, -36], [643, 99], [484, -192]]|,|[[599, 6], [60, 279], [-301, 78]]|,|[[-530, 338], [42, -306], [-397, -210]]|
0,6,2,4,0,bo1.jpg,bo23.jpg,6,|[[-126, 328], [-495, -90], [-617, 192]]|,|[[161, -185], [719, -243], [243, 441]]|,|[[-126, 328], [-495, -90], [-617, 192]]|,|[[295, -76], [703, -81], [-83, -123]]|,|[[-131, 126], [689, 190], [-582, -29]]|,|[[-396, -259], [15, 438], [240, -123]]|
0,1,-1,1,9,bo39.jpg,bo24.jpg,7,|[[74, -9], [623, 12], [725, -349]]|,|[[-223, -184], [251, -339], [-193, 250]]|,|[[74, -9], [623, 12], [725, -349]]|,|[[-223, -184], [251, -339], [-193, 250]]|,|[[218, 78], [508, -298], [-518, -341]]|,|[[385, 424], [-221, 68], [-646, 246]]|
0,3,-1,6,1,bo29.jpg,bo28.jpg,8,|[[-212, 288], [572, 195], [640, -233]]|,|[[64, -157], [278, 139], [-239, -332]]|,|[[-357, 116], [-653, 70], [524, -38]]|,|[[64, -157], [278, 139], [-239, -332]]|,|[[-402, 74], [218, -332], [-115, 76]]|,|[[610, -219], [119, 448], [632, 82]]|
0,-1,-1,8,3,bo5.jpg,bo2.jpg,9,|[[125, 441], [29, -192], [431, -36]]|,|[[739, -304], [-722, 360], [410, -346]]|,|[[125, 441], [29, -192], [431, -36]]|,|[[739, -304], [-722, 360], [410, -346]]|,|[[741, -71], [407, 60], [96, 447]]|,|[[112, -21], [-554, -252], [-356, 231]]|
1,11,6,8,0,bo15.jpg,bo36.jpg,0,|[[357, -276], [533, 375], [70, 253]]|,|[[-639, 44], [-4, -149], [-313, 132]]|,|[[357, -276], [533, 375], [70, 253]]|,|[[-639, 44], [-4, -149], [-313, 132]]|,|[[357, -276], [533, 375], [70, 253]]|,|[[-639, 44], [-4, -149], [-313, 132]]|
1,9,3,7,7,bo7.jpg,bo30.jpg,1,|[[-132, -145], [-561, -98], [129, 120]]|,|[[364, 425], [403, 29], [-620, 394]]|,|[[-132, -145], [-561, -98], [129, 120]]|,|[[464, -89], [719, 316], [614, -332]]|,|[[-132, -145], [-561, -98], [129, 120]]|,|[[464, -89], [719, 316], [614, -332]]|
1,4,-1,4,9,bo25.jpg,bo18.jpg,2,|[[-460, 33], [717, -220], [-120, -288]]|,|[[-21, 240], [441, -28], [-634, -289]]|,|[[-460, 33], [717, -220], [-120, -288]]|,|[[-21, 240], [441, -28], [-634, -289]]|,|[[-460, 33], [717, -220], [-120, -288]]|,|[[-21, 240], [441, -28], [-634, -289]]|
1,1,-1,5,2,bo26.jpg,bo17.jpg,3,|[[-536, -348], [-239, -250], [539, 95]]|,|[[-745, 256], [-291, 81], [487, -283]]|,|[[682, 73], [214, 221], [-738, -183]]|,|[[-745, 256], [-291, 81], [487, -283]]|,|[[682, 73], [214, 221], [-738, -183]]|,|[[-745, 256], [-291, 81], [487, -283]]|
1,-1,-1,0,4,bo20.jpg,bo4.jpg,4,|[[-76, 35], [-618, 366], [-455, -114]]|,|[[378, 155], [185, -239], [-736, -231]]|,|[[-76, 35], [-618, 366], [-455, -114]]|,|[[378, 155], [185, -239], [-736, -231]]|,|[[-76, 35], [-618, 366], [-455, -114]]|,|[[378, 155], [185, -239], [-736, -231]]|
1,7,10,3,3,bo10.jpg,bo13.jpg,5,|[[-39, -161], [223, 389], [-346, -39]]|,|[[-678, 37], [559, 419], [653, -60]]|,|[[-39, -161], [223, 389], [-346, -39]]|,|[[-678, 37], [559, 419], [653, -60]]|,|[[252, 14], [-489, 367], [740, -319]]|,|[[465, 274], [-94, 368], [-163, -17]]|
1,8,2,2,6,bo31.jpg,bo40.jpg,6,|[[723, -328], [-656, -320], [552, 384]]|,|[[218, 14], [-49, 349], [-731, 389]]|,|[[723, -328], [-656, -320], [552, 384]]|,|[[-342, -313], [123, 260], [-305, 381]]|,|[[367, -48], [-463, 36], [-750, -253]]|,|[[-585, 298], [-132, 146], [57, 401]]|
1,5,-1,9,8,bo33.jpg,bo9.jpg,7,|[[346, -118], [-672, -43], [36, -97]]|,|[[249, 391], [581, 195], [-155, 290]]|,|[[346, -118], [-672, -43], [36, -97]]|,|[[249, 391], [581, 195], [-155, 290]]|,|[[303, 126], [-512, -200], [750, 266]]|,|[[599, -143], [-144, 372], [-58, -338]]|
1,0,-1,1,1,bo22.jpg,bo14.jpg,8,|[[234, 325], [-513, -160], [97, -148]]|,|[[-660, 409], [-234, -65], [-289, 370]]|,|[[427, 301], [283, -30], [-703, -238]]|,|[[-660, 409], [-234, -65], [-289, 370]]|,|[[-639, 62], [-7, -70], [-565, -349]]|,|[[750, 260], [426, 94], [513, -281]]|
1,-1,-1,6,5,bo38.jpg,bo12.jpg,9,|[[256, 354], [-366, 256], [599, 55]]|,|[[154, -270], [-442, -207], [-32, 313]]|,|[[256, 354], [-366, 256], [599, 55]]|,|[[154, -270], [-442, -207], [-32, 313]]|,|[[344, 385], [528, 163], [130, 157]]|,|[[-543, 216], [-314, -6], [-626, -336]]|
